###ATMA CAPTURE###
00 
FF 14 70 03 86 00 00 00 <DATA ERROR
00 00 00 00 00 00 00 00 
FB 02 00 00 00 10 27 62 <DATA ERROR
E2 25 15 27 3B 0D 20 00 <DATA ERROR
00 01 61 BD 93 88 20 00 
7E 80 00 00 66 00 81 09 <DATA ERROR
00 00 00 00 00 10 2D 00 
00 00 00 00 01 00 00 00 
00 00 00 00 00 0B 02 00 
85 09 FA 00 1E 98 F9 3E <DATA ERROR
B8 02 31 70 10 3D 3F 00 <DATA ERROR
F0 00 00 00 00 00 00 80 <DATA ERROR
00 00 FF FF 00 00 00 00 
00 00 00 00 43 05 D0 0F 
00 00 00 00 00 00 00 00 
00 00 00 00 00 8D 1C 00 
5E 5E 20 80 00 AA 57 0D <DATA ERROR
FF 14 70 05 88 00 00 00 <DATA ERROR
FB 02 00 00 00 10 27 62 <DATA ERROR
E2 25 15 27 3B 0D 20 00 <DATA ERROR
7E 80 00 00 66 00 81 0B <DATA ERROR
00 00 1C 26 00 00 01 00 
B8 02 31 70 10 3D 3F 00 <DATA ERROR
00 
90 82 88 20 06 00 F7 02 <DATA ERROR
FF 14 70 07 8A 00 00 00 <DATA ERROR
FB 02 00 00 00 10 27 62 <DATA ERROR
E2 25 15 27 3B 0D 20 00 <DATA ERROR
00 03 61 BD 93 88 20 00 
7E 80 00 00 66 00 81 0D <DATA ERROR
00 00 00 00 00 10 2F 00 
00 00 00 00 01 00 00 00 
00 00 00 00 00 0B 02 00 
B8 02 31 70 10 3D 3F 00 <DATA ERROR
F0 00 00 00 00 00 01 80 <DATA ERROR
00 00 FF FF 00 00 00 00 
00 00 00 00 45 05 D0 0F 
00 00 00 00 00 00 00 00 
00 00 00 00 00 8F 1C 00 
82 00 00 00 00 00 FE FE <DATA ERROR
FF 14 70 09 8C 00 00 00 <DATA ERROR
F3 02 00 00 00 10 27 62 <DATA ERROR
E2 25 16 27 3B 0D 20 00 <DATA ERROR
7E 80 00 00 66 00 81 0F <DATA ERROR
3B 01 41 5E 31 00 1C 00 <DATA ERROR
00 00 00 00 00 00 00 00 
00 00 1C 26 00 00 03 00 
B8 02 31 70 10 3D 3F 00 <DATA ERROR
00 
FF 14 70 0B 8E 00 00 00 <DATA ERROR
F3 02 00 00 00 10 27 62 <DATA ERROR
E2 25 16 27 3B 0D 20 00 <DATA ERROR
00 05 61 BD 93 88 20 00 
7E 80 00 00 66 00 81 01 <DATA ERROR
00 00 00 00 00 10 21 00 
00 00 00 00 01 00 00 00 
00 00 00 00 00 0B 02 00 
B8 02 31 70 10 3D 3F 00 <DATA ERROR
F0 00 00 00 00 00 00 80 <DATA ERROR
00 00 FF FF 00 00 00 00 
00 00 00 00 47 05 D0 0F 
00 00 00 00 00 00 00 00 
00 00 00 00 00 81 1C 00 
FF 14 70 0D 90 00 00 00 <DATA ERROR
00 00 00 00 00 00 00 00 
F3 02 00 00 00 10 27 62 <DATA ERROR
E2 25 16 27 3B 0D 20 00 <DATA ERROR
7E 80 00 00 66 00 81 03 <DATA ERROR
85 09 FA 00 1E 99 F9 3E <DATA ERROR
00 00 1C 26 00 00 05 00 
B8 02 31 70 10 3D 3F 00 <DATA ERROR
00 
5E 5E 20 80 00 AA 57 0D <DATA ERROR
FF 14 70 0F 92 00 00 00 <DATA ERROR
F3 02 00 00 00 10 27 62 <DATA ERROR
E2 25 16 27 3B 0D 20 00 <DATA ERROR
00 07 61 BD 93 88 20 00 
7E 80 00 00 66 00 81 05 <DATA ERROR
00 00 00 00 00 10 23 00 
00 00 00 00 01 00 00 00 
00 00 00 00 00 0B 02 00 
B8 02 31 70 10 3D 3F 00 <DATA ERROR
F0 00 00 00 00 00 01 80 <DATA ERROR
00 00 FF FF 00 00 00 00 
00 00 00 00 49 05 D0 0F 
00 00 00 00 00 00 00 00 
00 00 00 00 00 83 1C 00 
90 82 88 1B 06 00 F7 02 <DATA ERROR
FF 14 70 01 84 00 00 00 <DATA ERROR
BUFFER FULL

>atma
FF 14 70 0B 8E 00 00 00 <DATA ERROR
33 07 31 70 10 3E 3F 00 <DATA ERROR
00 00 1C 26 00 00 0B 00 
82 00 00 00 00 00 FE FE <DATA ERROR
61 07 2A 28 2A 16 29 60 <DATA ERROR
629 
0: 40 27 3B 19 00 00 
00 0D 6C BD 93 88 20 00 
7E 80 00 00 82 00 81 01 <DATA ERROR
403 
0: 42 5E 28 00 04 00 
00 00 00 00 00 00 00 00 
FF 14 70 0D 90 00 00 00 <DATA ERROR
36 07 31 70 10 3E 3F 00 <DATA ERROR
F0 00 00 00 00 00 00 80 <DATA ERROR
00 00 FF FF 00 00 00 00 
00 00 00 00 4F 05 D0 0F 
00 00 00 00 00 00 00 00 
00 00 00 00 00 89 1C 00 
00 00 00 00 00 10 29 00 
00 00 00 00 01 00 00 00 
00 00 00 00 00 0B 02 00 
00 
61 07 2A 28 2A 16 29 60 <DATA ERROR
629 
0: 3B 27 3B 19 00 00 
7E 80 00 00 82 00 81 03 <DATA ERROR
FF 14 70 0F 92 00 00 00 <DATA ERROR
39 07 31 70 10 3E 3F 00 <DATA ERROR
00 00 1C 26 00 00 0D 00 
00 00 00 00 00 00 00 00 
59 07 2A 28 2A 13 29 60 <DATA ERROR
329 
0: 37 27 3B 19 00 00 
00 0F 6D BD 93 88 20 00 
7E 80 00 00 83 00 81 05 <DATA ERROR
FF 14 70 01 84 00 00 00 <DATA ERROR
3C 07 31 70 10 3E 3F 00 <DATA ERROR
F0 00 00 00 00 00 01 80 <DATA ERROR
00 00 FF FF 00 00 00 00 
00 00 00 00 41 05 D0 0F 
00 00 00 00 00 00 00 00 
00 00 00 00 00 8B 1C 00 
5E 5E 20 80 00 AA 57 0D <DATA ERROR
00 00 00 00 00 10 2B 00 
00 00 00 00 01 00 00 00 
00 00 00 00 00 0B 02 00 
85 09 FA 00 1E 99 F9 3E <DATA ERROR
00 
66 07 2A 28 2A 15 29 60 <DATA ERROR
529 
0: 37 27 3B 19 00 00 
7E 80 00 00 83 00 81 07 <DATA ERROR
FF 14 70 03 86 00 00 00 <DATA ERROR
3E 07 31 70 10 3E 3F 00 <DATA ERROR
00 00 1C 26 00 00 0F 00 
90 82 88 AC 0F 00 85 06 <DATA ERROR
66 07 2A 28 2A 15 29 60 <DATA ERROR
529 
0: 33 27 3B 19 00 00 
00 01 6D BD 93 88 20 00 
7E 80 00 00 83 00 81 09 <DATA ERROR
FF 14 70 05 88 00 00 00 <DATA ERROR
41 07 31 70 10 3E 3F 00 <DATA ERROR
F0 00 00 00 00 00 00 80 <DATA ERROR
00 00 FF FF 00 00 00 00 
00 00 00 00 43 05 D0 0F 
00 00 00 00 00 00 00 00 
00 00 00 00 00 8D 1C 00 
82 00 00 00 00 00 FE FE <DATA ERROR
00 00 00 00 00 10 2D 00 
00 00 00 00 01 00 00 00 
00 00 00 00 00 0B 02 00 
00 
5E 07 2A 28 2A 12 29 60 <DATA ERROR
229 
0: 33 27 3B 19 00 00 
7E 80 00 00 83 00 81 0B <DATA ERROR
0A 03 42 5E 27 00 04 00 <DATA ERROR
00 00 00 00 00 00 00 00 
FF 14 70 07 8A 00 00 00 <DATA ERROR
43 07 31 70 10 3E 3F 00 <DATA ERROR
00 00 1C 26 00 00 01 00 
5E 07 2A 28 2A 14 29 60 <DATA ERROR
429 
0: 30 27 3B 19 00 00 
00 03 6D BD 93 88 20 00 
7E 80 00 00 83 00 81 0D <DATA ERROR
FF 14 70 09 8C 00 00 00 <DATA ERROR
45 07 31 70 10 3E 3F 00 <DATA ERROR
F0 00 00 00 00 00 00 80 <DATA ERROR
00 00 FF FF 00 00 00 00 
00 00 00 00 45 05 D0 0F 
00 00 00 00 00 00 00 00 
00 00 00 00 00 8F 1C 00 
00 00 00 00 00 10 2F 00 
00 00 00 00 01 00 00 00 
00 00 00 00 00 0B 02 00 
00 00 00 00 00 00 00 00 
00 
6D 07 2A 28 2A 14 29 60 <DATA ERROR
BUFFER FULL

###0902 CAPTURE OF VIN###
014 
0: 49 02 01 34 53 34 
1: 42 52 42 43 43 38 42 
2: 33 33 34 35 39 37 30 

###0C0C CAPTURE OF RPM###
41 0C 0B A9

###0904 CAPTURE OF CALIBRATION ID###
013 
0: 49 04 01 45 45 35 
013 
0: 49 04 01 59 36 46 
1: 49 39 31 30 54 00 00 
1: 33 45 31 36 30 00 00 
2: 00 00 00 00 00 00 00 
2: 00 00 00 00 00 00 00 

###0906 CAPTURE OF CVN###
0: 49 06 01 34 36 43
1: 41 44 42 35 31 00

###0909 EXTRA CAPTURE, NOT USED###
NO DATA

###090a EXTRA CAPTURE, NOT USED###
017 
0: 49 0A 01 54 43 4D 
017 
0: 49 0A 01 45 43 4D 
1: 00 2D 54 72 61 6E 73 
2: 6D 69 73 43 74 72 6C 
1: 00 2D 45 6E 67 69 6E 
3: 00 00 00 00 00 00 00 
2: 65 43 6F 6E 74 72 6F 
3: 6C 00 00 00 00 00 00 

