###EXTRA CAPTURES BELOW, PIDS NOT USED IN REPORT###

0100
41 00 BE 1F A8 11 

>0102
NO DATA

>0902
NO DATA

>03
43 00 00 00 00 00 00 

###010c CAPTURE OF RPM###
41 0C 0B AB 

>0900
49 00 01 3C 00 00 00 

>0901
NO DATA

>0903
49 03 08 

>0904
49 04 01 33 33 33 30 
49 04 02 32 30 30 30 
49 04 03 00 00 00 00 
49 04 04 00 00 00 00 
49 04 05 35 33 33 30 
49 04 06 32 30 30 30 
49 04 07 00 00 00 00 
49 04 08 00 00 00 00 

###ATMA CAPTURE, DID NOT RETURN A STREAM WITH ISO9141###

>

###0902 VIN CAPTURE###
>O DATA

###0904 CAPTURE OF CALIBRATION ID###
49 04 01 33 33 33 30 
49 04 02 32 30 30 30 
49 04 03 00 00 00 00 
49 04 04 00 00 00 00 
49 04 05 35 33 33 30 
49 04 06 32 30 30 30 
49 04 07 00 00 00 00 
49 04 08 00 00 00 00 

###0906 CAPTURE OF CVN###
49 06 01 36 43 34 44 
49 06 02 37 32 31 32
49 06 03 00 00 00 00 
49 06 04 00 00 00 00 
